6.624293420147379097e-01
-7.086017709905539919e-01
-6.246715701862903813e-01
6.895499792593151600e-02
-1.495847185764387875e-02
-2.802728386900107393e-01
5.686212518517688025e-02
4.456143753705976152e-01
-9.231219493626517947e-01
9.750855911818252092e-03
1.689357559164012534e-01
2.244453698570939570e-01
1.361090994949819000e-01
1.007138141556248812e+00
-2.923644049239577103e-01
-3.219245402379647403e-01
6.538732545463691315e-01
2.285701438880007597e-01
7.271870399915358885e-02
1.179183865194660397e-01
6.489227321901125389e-01
-3.750487459956797220e-01
-4.930460154986415211e-01
-1.143864099668256140e-01
-2.945103859695775705e-01
-5.302835525025917374e-01
3.228549246615922130e-01
-4.262635995717445336e-01
8.657397098994484841e-02
1.945089207408202125e-01
-2.556366166112530869e-01
2.990287465156477587e-01
-8.086879948904497351e-01
1.460767544388367201e-01
1.777150747211924675e-01
-2.560074376988200617e-01
-4.019308240875494320e-01
-5.982632501817469750e-01
3.670850416497725005e-02
1.133352076033913747e+00
2.154639808115386274e-02
-3.889742395640098938e-01
-4.701625448785361483e-01
6.504050324437637975e-01
6.407966595412086797e-01
4.160023850434916848e-01
-5.108811031703529570e-01
-3.479634063304396646e-02
6.014981778381125466e-01
9.217876738505087486e-02
1.647362683165387587e-01
3.768093337177438884e-01
-9.138710540096238732e-01
-5.238209618219952235e-01
-3.254935849735937636e-02
2.587331439840003244e-01
2.921375918438370856e-01
-4.213584651483501947e-02
-2.735988343717044025e-01
-1.456784696225405240e-01
-4.472768098500530809e-01
1.341325441023515808e+00
1.192195917357479207e+00
1.807351177733630687e-01
-6.059599615723518795e-01
-7.083730737781098741e-01
-1.868694537513275189e-01
1.930631973561563464e-01
-1.566013510815485177e-01
3.104020074989728983e-01
-3.792856968083118119e-01
1.285970398956574945e+00
-2.656739653705158521e-01
2.555444052828932389e-01
2.619675462408772026e-01
-2.643926971669416925e-01
-5.055544527898681029e-01
3.599484461781736200e-01
3.493911980896135736e-03
3.200333904257401385e-01
-6.346931021306623233e-01
4.623967055514854527e-03
3.450374936865532316e-01
-7.542891167312800738e-01
2.834423253095313955e-01
4.302307916418742773e-01
-6.761111693542743994e-01
-2.515010533846434582e-01
-1.780733381931835779e-01
5.275885212835963456e-01
5.268360230524468113e-01
1.924677176454135941e-01
1.558942815778600367e-02
-6.228757764344997616e-01
7.274377720664446656e-01
1.913586131248514455e-01
-5.479235256899303574e-02
6.478929745122991024e-01
1.156244315918088850e+00
1.656939845809870249e-01
-5.899014762684273716e-01
-7.541597704753801867e-01
-5.925782242334912686e-01
-5.081490767719210044e-01
2.586570446481286645e-01
-7.396445919888769427e-02
-2.068777778198167550e-01
-1.296316710607561817e-02
1.205893206304584853e+00
1.139270025412854270e+00
2.282806731118193488e-01
-4.035259982329284997e-03
4.994409803496944189e-01
2.244026640112449233e-01
1.116947418166385070e-01
3.673725033666243034e-01
9.839850144515484287e-02
4.063801496071667296e-02
1.286874614585379606e-01
7.209936434495936020e-01
-7.926875305751952538e-01
4.812161700715660295e-01
-6.955277659398201306e-02
1.438008767432969737e-01
8.384974392516280073e-01
2.248730408285680438e-01
-5.173150836989168777e-01
-1.405591624228722247e-01
1.309667438118980121e+00
3.007593684924694810e-01
1.646290508674626285e-02
1.021087728217770080e-01
2.938359132318468236e-01
-5.382070495900261875e-01
4.277676115621821262e-01
3.215222514459900038e-01
-2.860386201165464604e-01
1.042595119924421068e-02
-2.205361637407460829e-01
-6.730792962381458855e-01
4.812431724228379282e-01
-3.725116038281762743e-01
-7.070742457439925521e-02
-1.212647692606040328e-01
3.646118692868161593e-01
2.898191971775469500e-01
8.392918036222176692e-01
-6.751118020106273987e-02
7.341762582523353453e-01
-8.181391042669067248e-02
-5.892747634284829505e-01
1.148487352753290065e-02
-2.418256363549501076e-01
-4.335577287425518289e-01
-7.124325630414211907e-02
-4.262317689254995212e-01
-5.159304698094315800e-01
1.069719279777244375e-01
-3.503434107211039206e-01
1.950312088335718341e-01
5.778268430127941890e-02
-5.678943040383046398e-02
2.143008506865602403e-01
5.919331467758740528e-01
2.197063997754752362e-01
1.348132256390112138e+00
-2.481653761365122668e-01
8.273489640766249487e-01
-1.342169361229202718e+00
-4.206964121157178438e-01
-6.787460686653270514e-01
-6.345109326686705631e-02
3.675439756619233167e-01
-7.946487247031677748e-02
2.527370898542331545e-01
8.460633517403572945e-01
5.116671317414885067e-02
-4.305108513839976392e-01
3.576279874045081852e-01
-3.339016536193538665e-01
-5.406465941268564501e-01
2.409526211746534745e-03
6.772240007512227156e-02
-6.026717472931324426e-01
-7.013838550225713897e-01
3.480517353547532000e-01
-9.841073738242343827e-02
6.335073861250530847e-01
-5.286390800550517799e-01
1.216233043991237217e+00
-2.328447153781513512e-01
3.282046208220328887e-01
2.590032549753812918e-01
-4.463628300234724344e-01
6.658126506485773088e-01
-4.029453629751792998e-01
2.445921994004951749e-01
5.322981605687714390e-01
-9.448348632069189512e-02
7.290072337562738536e-01
6.952955891301798586e-01
-9.610614612277381102e-04
-2.134026896937773476e-01
4.914347689817725323e-02
-1.640634209534098387e-01
-5.490490119886040077e-01
-5.546994229139560195e-01
-5.847409859142418398e-01
-4.196581270574041289e-01
-1.979113864806277823e-01
3.464458803281112997e-01
5.062579810648948353e-01
-3.917985759754745445e-02
-1.518341436980938652e-01
6.495249011361658997e-01
-3.232348620437621584e-02
8.447119799373676852e-01
-2.790659026775740292e-01
-2.528593989852908064e-01
7.566203181604080896e-01
-4.616990101141988934e-01
-9.489858188426267271e-02
4.982842491092021042e-02
1.423681650666162590e-01
-8.472038078981081188e-02
-3.804534796928699669e-01
-5.220512491380908671e-01
-5.707910795277901794e-01
-8.154728264017906403e-01
-3.998328861145215019e-01
5.253996707050141018e-02
5.001334500308962649e-01
9.079473694255663085e-02
1.239383078943483013e-01
-4.255592981716707079e-01
-2.682008591849349144e-01
-6.431219984637932818e-02
1.619681260047115268e-01
3.221973905300420382e-01
5.578591346559079733e-01
-5.856476990375886205e-01
-2.337318196928271363e-01
1.343058582883697838e+00
1.906534390599135542e-01
8.658947968591157451e-01
1.565943546866823688e-01
-6.224235660344461518e-01
5.503071179560435899e-01
1.033366683357670901e+00
-1.981740636550582135e-01
3.694547990912617763e-01
-7.197638758066809972e-01
-4.383775739016124162e-02
-8.468958010751473919e-01
-2.650257778248083645e-02
7.336686228821280575e-02
-6.605057020617144392e-01
5.080201051320053507e-01
-1.425970593517547624e-01
3.443611185178225842e-01
7.383678107244339150e-01
2.384575622899478275e-01
1.851099118390406639e+00
-2.555008164408441654e-02
3.810524509437859808e-01
2.417947071445867291e-01
-1.651407659172071662e-01
1.477250828813879979e-01
-2.699194894796291821e-01
2.752220167845533666e-02
7.088276763158785077e-01
-1.291337719445181664e-01
2.144406267347705730e-01
1.977212241991950503e-01
-5.557859409450283117e-01
3.099886391203126035e-01
7.225749071480439545e-01
7.468409710509444910e-01
2.644087836792498314e-02
5.046154928382367427e-02
1.292754993436127098e+00
-2.768471840024325226e-01
3.060844568701184820e-01
6.908688893828974775e-01
-5.529350023934108682e-01
1.253223845786324286e+00
3.153118615063948971e-01
-2.237615221049057967e-01
-1.027191519859402380e+00
4.646694666385296490e-01
-2.277714931573344634e-02
-5.869278673078937025e-01
4.202310642515829087e-01
-5.699460772690232435e-01
-7.301570739966600776e-01
3.900323904588530177e-01
-4.494057630255243047e-03
7.757816910543855471e-01
-8.645953889425114225e-01
-5.763067097627858626e-01
